{
  "advancedEditorSelectedIdentifier" : "ProjectBrowser",
  "openSceneRelativePaths" : [
    "Scene.usda"
  ],
  "recentIdentifiers" : {
    "1D17241E-5151-432C-8EC5-56CA8382EEC3" : [

    ],
    "419601D4-98AD-42FB-BF6B-4DBF0A190DCD" : [

    ]
  },
  "sceneCameraHistory" : {
    "1D17241E-5151-432C-8EC5-56CA8382EEC3" : [
      {
        "date" : 774879522.49815,
        "title" : "Untitled",
        "transform" : [
          -0.057939958,
          -2.1063885e-08,
          0.9983201,
          0,
          0.07121637,
          0.9974524,
          0.0041333125,
          0,
          -0.9957767,
          0.07133624,
          -0.057792515,
          0,
          -1.2127222,
          0.73733044,
          -0.6728479,
          1
        ]
      },
      {
        "date" : 774879226.658537,
        "title" : "Untitled",
        "transform" : [
          -0.12733893,
          -2.1052617e-08,
          0.9918593,
          0,
          0.099472396,
          0.9949584,
          0.012770767,
          0,
          -0.9868587,
          0.10028885,
          -0.12669711,
          0,
          -1.141135,
          0.77333045,
          -0.7528925,
          1
        ]
      },
      {
        "date" : 774879180.825378,
        "title" : "Untitled",
        "transform" : [
          -0.100349106,
          -2.1058836e-08,
          0.9949523,
          0,
          0.039880674,
          0.99919647,
          0.0040223887,
          0,
          -0.9941527,
          0.040083032,
          -0.10026864,
          0,
          -1.2053581,
          0.6978571,
          -0.72607416,
          1
        ]
      },
      {
        "date" : 774879164.227139,
        "title" : "Untitled",
        "transform" : [
          -0.3103342,
          -2.0329093e-08,
          0.95062757,
          0,
          0.1595827,
          0.985809,
          0.052096184,
          0,
          -0.93713707,
          0.16787097,
          -0.3059304,
          0,
          -0.92762995,
          0.8552121,
          -0.93551666,
          1
        ]
      },
      {
        "date" : 774879161.2088,
        "title" : "Untitled",
        "transform" : [
          -0.41321176,
          -2.0060169e-08,
          0.9106349,
          0,
          0.24590915,
          0.96284866,
          0.11158442,
          0,
          -0.8768035,
          0.27004153,
          -0.3978606,
          0,
          -0.8628324,
          0.8284734,
          -0.8013558,
          1
        ]
      },
      {
        "date" : 774879144.880493,
        "title" : "Untitled",
        "transform" : [
          -0.36514488,
          -2.2440002e-08,
          0.93095064,
          0,
          -0.02979709,
          0.99948764,
          -0.011687131,
          0,
          -0.9304736,
          -0.032007035,
          -0.364958,
          0,
          -1.0872706,
          0.45426324,
          -0.82734925,
          1
        ]
      },
      {
        "date" : 774879141.998822,
        "title" : "Untitled",
        "transform" : [
          -0.36514488,
          -2.2440002e-08,
          0.93095064,
          0,
          -0.02979709,
          0.99948764,
          -0.011687131,
          0,
          -0.9304736,
          -0.032007035,
          -0.364958,
          0,
          -1.1223333,
          0.3191327,
          -0.7261048,
          1
        ]
      },
      {
        "date" : 774879139.904807,
        "title" : "Untitled",
        "transform" : [
          -0.36514488,
          -2.2440002e-08,
          0.93095064,
          0,
          -0.02979709,
          0.99948764,
          -0.011687131,
          0,
          -0.9304736,
          -0.032007035,
          -0.364958,
          0,
          -0.98775184,
          0.7113948,
          -1.1036263,
          1
        ]
      },
      {
        "date" : 774879034.459919,
        "title" : "Untitled",
        "transform" : [
          -0.561118,
          -2.1997007e-08,
          0.8277358,
          0,
          0.19258441,
          0.9725571,
          0.13055216,
          0,
          -0.8050203,
          0.23266426,
          -0.54571944,
          0,
          -0.52657896,
          1.0349368,
          -1.1624749,
          1
        ]
      },
      {
        "date" : 774879030.229424,
        "title" : "Untitled",
        "transform" : [
          -0.4012503,
          -1.8401325e-08,
          0.91596854,
          0,
          0.30645335,
          0.9423717,
          0.13424546,
          0,
          -0.86318266,
          0.33456773,
          -0.378127,
          0,
          -0.5709053,
          1.1022594,
          -1.0550117,
          1
        ]
      }
    ],
    "419601D4-98AD-42FB-BF6B-4DBF0A190DCD" : [
      {
        "date" : 774884751.035318,
        "title" : "Untitled",
        "transform" : [
          0.9968027,
          -5.8085656e-09,
          0.07990281,
          0,
          0.04273524,
          0.84495336,
          -0.5331299,
          0,
          -0.06751415,
          0.53484005,
          0.84225184,
          0,
          -0.19794758,
          1.2893064,
          2.493801,
          1
        ]
      },
      {
        "date" : 774884748.585943,
        "title" : "Untitled",
        "transform" : [
          0.9968027,
          -5.8085656e-09,
          0.07990281,
          0,
          0.04273524,
          0.84495336,
          -0.5331299,
          0,
          -0.06751415,
          0.53484005,
          0.84225184,
          0,
          -0.10807862,
          0.70395637,
          1.3616059,
          1
        ]
      },
      {
        "date" : 774879925.702444,
        "title" : "Untitled",
        "transform" : [
          0.89155424,
          -3.199235e-09,
          0.45291415,
          0,
          0.13652237,
          0.95348793,
          -0.26874202,
          0,
          -0.43184814,
          0.30143103,
          0.8500861,
          0,
          -0.076523274,
          0.037436046,
          0.15089953,
          1
        ]
      },
      {
        "date" : 774879785.440007,
        "title" : "Untitled",
        "transform" : [
          0.44243702,
          1.292257e-09,
          0.8967995,
          0,
          0.43026486,
          0.8773898,
          -0.21227166,
          0,
          -0.78684276,
          0.4797782,
          0.38818973,
          0,
          -0.14234802,
          0.069384985,
          0.07036124,
          1
        ]
      },
      {
        "date" : 774879710.084842,
        "title" : "Untitled",
        "transform" : [
          0.44243705,
          2.6067721e-09,
          0.8967996,
          0,
          0.4302649,
          0.8773898,
          -0.21227169,
          0,
          -0.7868427,
          0.47977823,
          0.38818985,
          0,
          -0.055475485,
          0.030791637,
          0.02665831,
          1
        ]
      },
      {
        "date" : 774879700.73078,
        "title" : "Untitled",
        "transform" : [
          0.8577072,
          5.098411e-09,
          0.51413864,
          0,
          0.16206683,
          0.94901866,
          -0.27036655,
          0,
          -0.48792702,
          0.31522006,
          0.81398,
          0,
          -0.034509413,
          0.019294716,
          0.056330573,
          1
        ]
      },
      {
        "date" : 774879696.494586,
        "title" : "Untitled",
        "transform" : [
          0.96983916,
          5.774858e-09,
          0.24374567,
          0,
          0.039581735,
          0.9867267,
          -0.1574917,
          0,
          -0.24051036,
          0.1623895,
          0.9569662,
          0,
          -0.017257854,
          0.008689523,
          0.06605284,
          1
        ]
      },
      {
        "date" : 774879694.583343,
        "title" : "Untitled",
        "transform" : [
          0.9698391,
          8.134377e-09,
          0.24374564,
          0,
          0.039581757,
          0.98672676,
          -0.15749171,
          0,
          -0.2405104,
          0.1623895,
          0.95696616,
          0,
          -0.22661963,
          1.0891116,
          0.1023072,
          1
        ]
      },
      {
        "date" : 774879621.401506,
        "title" : "Untitled",
        "transform" : [
          0.9479582,
          7.816834e-09,
          0.31839475,
          0,
          0.16723427,
          0.85095304,
          -0.49790728,
          0,
          -0.27093908,
          0.5252418,
          0.806668,
          0,
          -0.2552908,
          1.4310081,
          -0.03931141,
          1
        ]
      },
      {
        "date" : 774879617.006012,
        "title" : "Untitled",
        "transform" : [
          0.9832274,
          8.587094e-09,
          -0.18238366,
          0,
          -0.10635228,
          0.81238323,
          -0.57334346,
          0,
          0.14816539,
          0.5831239,
          0.7987575,
          0,
          0.13960905,
          1.4855473,
          -0.046765447,
          1
        ]
      }
    ],
    "C6A7F375-BFE9-46E0-9EA6-1A6B150F43FD" : [
      {
        "date" : 774876394.334245,
        "title" : "Untitled",
        "transform" : [
          0.98381335,
          -3.5649856e-09,
          0.17919616,
          0,
          0.073257074,
          0.9126198,
          -0.40219215,
          0,
          -0.16353798,
          0.40880945,
          0.8978476,
          0,
          -0.42295823,
          1.0573038,
          2.322103,
          1
        ]
      }
    ]
  },
  "sceneViewportBackgroundColors" : {

  },
  "selectedSceneRelativePath" : "Scene.usda"
}